[banner_ing.jpg]
filters=Border=1,94.736847,60.233921,0.000000,ffffffff,ff272727,0.000000;
moddate=00115565162fd901
width=4480
height=4856
textactive=0
[blog2.jpg]
filters=finetune2=1,0.403509,0.199298,0.232982,00000000,0.000000;sat=1,0.161800;sat=1,-0.216374;
moddate=00d3824d1d32d901
width=793
height=1191
textactive=0
[blog1.jpg]
filters=crop64=1,16ebfffff391;
crop=rect64(16ebfffff391)
moddate=00e0ee5b5932d901
width=378
height=659
textactive=0
[blog2.1.jpg]
filters=crop64=1,1bda0000ffffffff;
crop=rect64(1bda0000ffffffff)
moddate=0026b27f5932d901
width=432
height=577
textactive=0
